Experimental data: Experimental_data.dat
Structure layers: 3D_1NC_structure.txt
Seed of random number generator: 3

N_LRS: 6.0
N_HRS: -20.0
Nfresh: -56.0
Vforming: 2.0 V
Vreset: -2.0 V
Vset: 2.0 V
Khrs: 8e-16 a.u.
Klrs: 7e-27 a.u. cm3

gammaSET for generation probb.: 3.0
gammaRESET for generation probb.: 0.4
phiDrift oxygen migrat: 8.0
I compliance FORMING: 1e-05 A
I compliance RESET: 1e-05 A
I compliance SET: 1e-05 A
a const. lattice: 3.25e-08 cm
A Area device: 0.01 cm2

Vo_ini Num initial Vos: 0
t_0 gener-recomb: 5e-06 s
E_Oe oxygen equilib. in ox. matrix: 1.0 eV
E_Oe oxygen equilib. in NCs/Ox.: 1.0 eV
E_Om oxygen migrat.: 1.0 eV
L_O decaying oxig. ion: 5.4 a
beta0 recomb. factor: 6000000.0
Rth thermal resistance: 8000000.0 K/W
Ao atten. electron wave: 3.3e-08 cm

Num cycles: 1
Nc: 2.94e+18 /cm3
u: 200.0 cm2/(V s)
perm Relative dielect. const.: 8.5
phi_t (Eg - trapVo) into Eg: 0.1 V

Thickness: 4.55e-07 cm
Xs: 10
Ys: 10
Xs: 14

V (V)	num procs	num VoConf saved	Ns (a.u.)	I (A)	T (K)	sumVos w/o ncs	sumVos with ncs	F_H (V/cm)	v (cm/s)	t (s)	v*t (*a)	Ipf (A)	Isclc (A)	Ipf*Khrs (A)	Isclc*Klrs (A)	Fhrs	Flrs	Ihrs (A)	Ilrs (A)
0	0	0	-6.08105	0	297	0	88	-0	0	5e-06	0	0	0	0	0	0.464656	0.535344	0	0
0.1	0	1	-6.08105	4.95039e-05	297	0	88	219780	-1.62734e-11	3.62829e-10	-1.81675e-13	488234	1.32101e+22	3.90587e-10	9.24708e-05	0.464656	0.535344	1.81488e-10	4.95037e-05
0.2	0	2	-6.08105	1e-05	336.603	0	88	439560	-8.98393e-09	3.62829e-10	-1.00296e-10	488234	1.32101e+22	3.90587e-10	9.24708e-05	0.464656	0.535344	1.81488e-10	4.95037e-05
0.3	0	3	-6.08105	1e-05	313	0	88	659341	-7.47677e-09	3.62829e-10	-8.34703e-11	488234	1.32101e+22	3.90587e-10	9.24708e-05	0.464656	0.535344	1.81488e-10	4.95037e-05
0.4	0	4	-6.08105	1e-05	321	0	88	879121	-1.26761e-07	3.62829e-10	-1.41515e-09	488234	1.32101e+22	3.90587e-10	9.24708e-05	0.464656	0.535344	1.81488e-10	4.95037e-05
0.5	0	5	-6.08105	1e-05	329	0	88	1.0989e+06	-1.87271e-06	3.62829e-10	-2.09069e-08	488234	1.32101e+22	3.90587e-10	9.24708e-05	0.464656	0.535344	1.81488e-10	4.95037e-05
0.6	0	6	-6.08105	1e-05	337	0	88	1.31868e+06	-2.43463e-05	3.62829e-10	-2.71801e-07	488234	1.32101e+22	3.90587e-10	9.24708e-05	0.464656	0.535344	1.81488e-10	4.95037e-05
0.7	0	7	-6.08105	1e-05	345	0	88	1.53846e+06	-0.000281018	3.62829e-10	-3.13727e-06	488234	1.32101e+22	3.90587e-10	9.24708e-05	0.464656	0.535344	1.81488e-10	4.95037e-05
0.8	0	8	-6.08105	1e-05	353	0	88	1.75824e+06	-0.00290325	3.62829e-10	-3.24117e-05	488234	1.32101e+22	3.90587e-10	9.24708e-05	0.464656	0.535344	1.81488e-10	4.95037e-05
0.9	0	9	-6.08105	1e-05	361	0	88	1.97802e+06	-0.027045	3.62829e-10	-0.000301929	488234	1.32101e+22	3.90587e-10	9.24708e-05	0.464656	0.535344	1.81488e-10	4.95037e-05
1	0	10	-6.08105	1e-05	369	0	88	2.1978e+06	-0.228699	3.62829e-10	-0.00255318	488234	1.32101e+22	3.90587e-10	9.24708e-05	0.464656	0.535344	1.81488e-10	4.95037e-05
1.1	0	11	-6.08105	1e-05	377	0	88	2.41758e+06	-1.76641	3.62829e-10	-0.0197201	488234	1.32101e+22	3.90587e-10	9.24708e-05	0.464656	0.535344	1.81488e-10	4.95037e-05
1.2	0	12	-6.08105	1e-05	385	0	88	2.63736e+06	-12.532	3.62829e-10	-0.139907	488234	1.32101e+22	3.90587e-10	9.24708e-05	0.464656	0.535344	1.81488e-10	4.95037e-05
1.3	0	13	-6.08105	1e-05	393	0	88	2.85714e+06	-82.0935	3.62829e-10	-0.916488	488234	1.32101e+22	3.90587e-10	9.24708e-05	0.464656	0.535344	1.81488e-10	4.95037e-05
1.4	0	14	-6.08105	1e-05	401	0	88	3.07692e+06	-498.914	3.62829e-10	-5.56986	488234	1.32101e+22	3.90587e-10	9.24708e-05	0.464656	0.535344	1.81488e-10	4.95037e-05
1.5	0	15	-6.08105	1e-05	409	0	88	3.2967e+06	-2825.43	3.62829e-10	-31.543	488234	1.32101e+22	3.90587e-10	9.24708e-05	0.464656	0.535344	1.81488e-10	4.95037e-05
1.6	0	16	-6.08105	1e-05	417	0	88	3.51648e+06	-14970.9	3.62829e-10	-167.135	488234	1.32101e+22	3.90587e-10	9.24708e-05	0.464656	0.535344	1.81488e-10	4.95037e-05
1.7	0	17	-6.08105	1e-05	425	0	88	3.73626e+06	-74498.9	3.62829e-10	-831.702	488234	1.32101e+22	3.90587e-10	9.24708e-05	0.464656	0.535344	1.81488e-10	4.95037e-05
1.8	0	18	-5.83583	1e-05	433	1	89	3.95604e+06	-349381	3.62829e-10	-3900.47	488234	1.32101e+22	3.90587e-10	9.24708e-05	0.464656	0.535344	1.81488e-10	4.95037e-05
1.9	0	19	0.00253908	1e-05	441	9	97	4.17582e+06	-1.54917e+06	3.62829e-10	-17294.9	488234	1.32101e+22	3.90587e-10	9.24708e-05	0.464656	0.535344	1.81488e-10	4.95037e-05
2	0	20	2.77272	1e-05	449	187	275	4.3956e+06	-6.51404e+06	5e-06	-1.00216e+09	1.49722e+14	6.87214e+28	0.119777	481.05	0.124126	0.875874	0.0148675	421.339
1.9	0	21	2.99639	1e-05	457	251	339	4.17582e+06	-1.43158e+06	5e-06	-2.20243e+08	8.29206e+13	3.79618e+28	0.0663365	265.733	0.115523	0.884477	0.00766342	235.034
1.8	0	22	3.21966	1e-05	449	292	380	3.95604e+06	-339980	5e-06	-5.23045e+07	4.51423e+13	2.89981e+28	0.0361138	202.987	0.106936	0.893064	0.00386188	181.28
1.7	0	23	3.2581	1e-05	441	297	385	3.73626e+06	-76636.9	5e-06	-1.17903e+07	2.41202e+13	2.17528e+28	0.0192962	152.27	0.105458	0.894542	0.00203493	136.212
1.6	0	24	3.2581	1e-05	433	298	386	3.51648e+06	-16349.9	5e-06	-2.51537e+06	1.26265e+13	1.59459e+28	0.0101012	111.621	0.105458	0.894542	0.00106525	99.85
1.5	0	25	3.2581	1e-05	425	298	386	3.2967e+06	-3291.05	5e-06	-506315	6.46237e+12	1.13828e+28	0.0051699	79.6793	0.105458	0.894542	0.000545205	71.2766
1.4	0	26	3.2581	1e-05	417	299	387	3.07692e+06	-622.933	5e-06	-95835.9	3.22588e+12	7.88591e+27	0.0025807	55.2013	0.105458	0.894542	0.000272155	49.3799
1.3	0	27	3.2581	1e-05	409	299	387	2.85714e+06	-110.476	5e-06	-16996.3	1.56599e+12	5.28106e+27	0.0012528	36.9674	0.105458	0.894542	0.000132117	33.0689
1.2	0	28	3.2581	1e-05	401	299	387	2.63736e+06	-18.2862	5e-06	-2813.27	7.3671e+11	3.40218e+27	0.000589368	23.8153	0.105458	0.894542	6.21533e-05	21.3038
1.1	0	29	3.2581	1e-05	393	299	387	2.41758e+06	-2.81305	5e-06	-432.777	3.34428e+11	2.09604e+27	0.000267543	14.6723	0.105458	0.894542	2.82144e-05	13.125
1	0	30	3.2581	1e-05	385	299	387	2.1978e+06	-0.400356	5e-06	-61.5932	1.45709e+11	1.22591e+27	0.000116567	8.58136	0.105458	0.894542	1.22929e-05	7.67639
0.9	0	31	3.2581	1e-05	377	299	387	1.97802e+06	-0.0524541	5e-06	-8.06986	6.05193e+10	6.74364e+26	4.84154e-05	4.72055	0.105458	0.894542	5.10578e-06	4.22273
0.8	0	32	1.16094	1e-05	369	235	323	1.75824e+06	-0.00629273	5e-06	-0.968113	2.37503e+10	3.57361e+26	1.90002e-05	2.50152	0.186118	0.813882	3.53628e-06	2.03595
0.7	0	33	3.14674	1e-05	361	291	379	1.53846e+06	-0.000687199	5e-06	-0.105723	8.70217e+09	1.61412e+26	6.96174e-06	1.12988	0.109741	0.890259	7.63986e-07	1.00589
0.6	0	34	2.68427	1e-05	353	276	364	1.31868e+06	-6.78786e-05	5e-06	-0.0104429	2.92762e+09	6.79673e+25	2.3421e-06	0.475771	0.127528	0.872472	2.98683e-07	0.415097
0.5	0	35	3.15675	1e-05	345	291	379	1.0989e+06	-6.02224e-06	5e-06	-0.000926499	8.82379e+08	2.43611e+25	7.05903e-07	0.170527	0.109356	0.890644	7.71946e-08	0.151879
0.4	0	36	3.14674	1e-05	337	290	378	879121	-4.76254e-07	5e-06	-7.32698e-05	2.29192e+08	7.22631e+24	1.83354e-07	0.0505842	0.109741	0.890259	2.01214e-08	0.045033
0.3	0	37	3.19921	1e-05	329	292	380	659341	-3.3291e-08	5e-06	-5.1217e-06	4.79443e+07	1.60438e+24	3.83554e-08	0.0112307	0.107723	0.892277	4.13175e-09	0.0100209
0.2	0	38	3.19921	1e-05	321	292	380	439560	-2.03757e-09	5e-06	-3.13473e-07	7.02874e+06	2.21086e+23	5.62299e-09	0.0015476	0.107723	0.892277	6.05724e-10	0.00138089
0.1	0	39	3.17332	1e-05	313	291	379	219780	-1.06606e-10	5e-06	-1.64009e-08	488234	1.09522e+22	3.90587e-10	7.66657e-05	0.108719	0.891281	4.2464e-11	6.83307e-05
0	0	40	3.17332	0	305	291	379	-0	0	5e-06	0	0	0	0	0	0.108719	0.891281	0	0
-0.1	0	41	3.14674	1e-05	297	290	378	-219780	1.62734e-11	5e-06	2.50359e-09	488234	1.11491e+22	3.90587e-10	7.8044e-05	0.109741	0.890259	4.28633e-11	6.94794e-05
-0.2	0	42	3.14674	1e-05	305	290	378	-439560	3.80091e-10	5e-06	5.84755e-08	7.02874e+06	2.45008e+23	5.62299e-09	0.00171506	0.109741	0.890259	6.17072e-10	0.00152684
-0.3	0	43	3.09136	1e-05	313	288	376	-659341	7.47677e-09	5e-06	1.15027e-06	4.79443e+07	1.88451e+24	3.83554e-08	0.0131916	0.111871	0.888129	4.29084e-09	0.0117158
-0.4	0	44	2.97047	1e-05	321	284	372	-879121	1.26761e-07	5e-06	1.95016e-05	2.29192e+08	8.86534e+24	1.83354e-07	0.0620574	0.11652	0.88348	2.13644e-08	0.0548264
-0.5	0	45	2.72616	1e-05	329	276	364	-1.0989e+06	1.87271e-06	5e-06	0.000288109	8.82379e+08	3.10077e+25	7.05903e-07	0.217054	0.125917	0.874083	8.88853e-08	0.189723
-0.6	0	46	2.32107	1e-05	337	266	354	-1.31868e+06	2.43463e-05	5e-06	0.00374559	2.92762e+09	8.86455e+25	2.3421e-06	0.620519	0.141497	0.858503	3.31401e-07	0.532717
-0.7	0	47	1.92311	1e-05	345	254	342	-1.53846e+06	0.000281018	5e-06	0.0432335	8.70217e+09	2.17987e+26	6.96174e-06	1.52591	0.156803	0.843197	1.09162e-06	1.28664
-0.8	0	48	1.3725	1e-05	353	237	325	-1.75824e+06	0.00290325	5e-06	0.446653	2.37503e+10	4.78502e+26	1.90002e-05	3.34951	0.177981	0.822019	3.38168e-06	2.75337
-0.9	0	49	-1.56623	1e-05	361	160	248	-1.97802e+06	0.027045	5e-06	4.16076	6.05193e+10	9.99292e+26	4.84154e-05	6.99505	0.291009	0.708991	1.40893e-05	4.95943
-1	0	50	-1.56623	1e-05	369	160	248	-2.1978e+06	0.228699	5e-06	35.1844	1.45709e+11	1.83501e+27	0.000116567	12.8451	0.291009	0.708991	3.39222e-05	9.10706
-1.1	0	51	-1.56623	1e-05	377	160	248	-2.41758e+06	1.76641	5e-06	271.755	3.34428e+11	3.16241e+27	0.000267543	22.1369	0.291009	0.708991	7.78573e-05	15.6949
-1.2	0	52	-1.56623	1e-05	385	160	248	-2.63736e+06	12.532	5e-06	1928.01	7.3671e+11	5.16456e+27	0.000589368	36.1519	0.291009	0.708991	0.000171511	25.6314
-1.3	0	53	-1.56623	1e-05	393	160	248	-2.85714e+06	82.0935	5e-06	12629.8	1.56599e+12	8.0538e+27	0.0012528	56.3766	0.291009	0.708991	0.000364575	39.9705
-1.4	0	54	-1.56623	1e-05	401	160	248	-3.07692e+06	498.914	5e-06	76756	3.22588e+12	1.20668e+28	0.0025807	84.4673	0.291009	0.708991	0.000751008	59.8866
-1.5	0	55	-1.56623	1e-05	409	160	248	-3.2967e+06	2825.43	5e-06	434681	6.46237e+12	1.74577e+28	0.0051699	122.204	0.291009	0.708991	0.00150449	86.6413
-1.6	0	56	-1.56623	1e-05	417	160	248	-3.51648e+06	14970.9	5e-06	2.30322e+06	1.26265e+13	2.44905e+28	0.0101012	171.434	0.291009	0.708991	0.00293954	121.545
-1.7	0	57	-1.56623	1e-05	425	160	248	-3.73626e+06	74498.9	5e-06	1.14614e+07	2.41202e+13	3.34308e+28	0.0192962	234.015	0.291009	0.708991	0.00561536	165.915
-1.8	0	58	-1.56623	1e-05	433	160	248	-3.95604e+06	349381	5e-06	5.37509e+07	4.51423e+13	4.45369e+28	0.0361138	311.758	0.291009	0.708991	0.0105095	221.034
-1.9	0	59	-1.56623	1e-05	441	160	248	-4.17582e+06	1.54917e+06	5e-06	2.38334e+08	8.29206e+13	5.80525e+28	0.0663365	406.367	0.291009	0.708991	0.0193045	288.111
-2	0	60	-1.56623	1e-05	449	160	248	-4.3956e+06	6.51404e+06	5e-06	1.00216e+09	1.49722e+14	7.41992e+28	0.119777	519.394	0.291009	0.708991	0.0348563	368.246
-1.9	0	61	-1.56623	1e-05	457	160	248	-4.17582e+06	1.43158e+06	5e-06	2.20243e+08	8.29206e+13	4.11438e+28	0.0663365	288.006	0.291009	0.708991	0.0193045	204.194
-1.8	0	62	-1.56623	1e-05	449	160	248	-3.95604e+06	339980	5e-06	5.23045e+07	4.51423e+13	3.15477e+28	0.0361138	220.834	0.291009	0.708991	0.0105095	156.569
-1.7	0	63	-1.56623	1e-05	441	160	248	-3.73626e+06	76636.9	5e-06	1.17903e+07	2.41202e+13	2.36807e+28	0.0192962	165.765	0.291009	0.708991	0.00561536	117.526
-1.6	0	64	-1.56623	1e-05	433	160	248	-3.51648e+06	16349.9	5e-06	2.51537e+06	1.26265e+13	1.73591e+28	0.0101012	121.514	0.291009	0.708991	0.00293954	86.1523
-1.5	0	65	-1.56623	1e-05	425	160	248	-3.2967e+06	3291.05	5e-06	506315	6.46237e+12	1.23916e+28	0.0051699	86.7411	0.291009	0.708991	0.00150449	61.4987
-1.4	0	66	-1.56623	1e-05	417	160	248	-3.07692e+06	622.933	5e-06	95835.9	3.22588e+12	8.58482e+27	0.0025807	60.0937	0.291009	0.708991	0.000751008	42.6059
-1.3	0	67	-1.56623	1e-05	409	160	248	-2.85714e+06	110.476	5e-06	16996.3	1.56599e+12	5.7491e+27	0.0012528	40.2437	0.291009	0.708991	0.000364575	28.5324
-1.2	0	68	-1.56623	1e-05	401	160	248	-2.63736e+06	18.2862	5e-06	2813.27	7.3671e+11	3.70371e+27	0.000589368	25.926	0.291009	0.708991	0.000171511	18.3813
-1.1	0	69	-1.56623	1e-05	393	160	248	-2.41758e+06	2.81305	5e-06	432.777	3.34428e+11	2.2818e+27	0.000267543	15.9726	0.291009	0.708991	7.78573e-05	11.3245
-1	0	70	-1.56623	1e-05	385	160	248	-2.1978e+06	0.400356	5e-06	61.5932	1.45709e+11	1.33456e+27	0.000116567	9.3419	0.291009	0.708991	3.39222e-05	6.62332
-0.9	0	71	-2.48868	1e-05	377	100	188	-1.97802e+06	0.0524541	5e-06	8.06986	6.05193e+10	7.46786e+26	4.84154e-05	5.2275	0.326488	0.673512	1.58071e-05	3.52079
-0.8	0	72	-2.48868	1e-05	369	100	188	-1.75824e+06	0.00629273	5e-06	0.968113	2.37503e+10	3.81734e+26	1.90002e-05	2.67214	0.326488	0.673512	6.20335e-06	1.79972
-0.7	0	73	-2.48868	1e-05	361	100	188	-1.53846e+06	0.000687199	5e-06	0.105723	8.70217e+09	1.7841e+26	6.96174e-06	1.24887	0.326488	0.673512	2.27292e-06	0.84113
-0.6	0	74	-2.48868	1e-05	353	100	188	-1.31868e+06	6.78786e-05	5e-06	0.0104429	2.92762e+09	7.45377e+25	2.3421e-06	0.521764	0.326488	0.673512	7.64667e-07	0.351415
-0.5	0	75	-2.48868	1e-05	345	100	188	-1.0989e+06	6.02224e-06	5e-06	0.000926499	8.82379e+08	2.69311e+25	7.05903e-07	0.188518	0.326488	0.673512	2.30469e-07	0.126969
-0.4	0	76	-2.48868	1e-05	337	100	188	-879121	4.76254e-07	5e-06	7.32698e-05	2.29192e+08	7.98733e+24	1.83354e-07	0.0559113	0.326488	0.673512	5.98627e-08	0.037657
-0.3	0	77	-2.48868	1e-05	329	100	188	-659341	3.3291e-08	5e-06	5.1217e-06	4.79443e+07	1.77491e+24	3.83554e-08	0.0124244	0.326488	0.673512	1.25226e-08	0.00836799
-0.2	0	78	-2.48868	1e-05	321	100	188	-439560	2.03757e-09	5e-06	3.13473e-07	7.02874e+06	2.44586e+23	5.62299e-09	0.0017121	0.326488	0.673512	1.83584e-09	0.00115312
-0.1	0	79	-2.48868	1e-05	313	100	188	-219780	1.06606e-10	5e-06	1.64009e-08	488234	1.21111e+22	3.90587e-10	8.47776e-05	0.326488	0.673512	1.27522e-10	5.70988e-05
0	1	0	-2.48868	0	305	100	188	-0	0	5e-06	0	0	0	0	0	0.326488	0.673512	0	0
0.1	1	1	-2.48868	5.80993e-05	297	100	188	219780	-1.62734e-11	3.62829e-10	-1.81675e-13	488234	1.23233e+22	3.90587e-10	8.6263e-05	0.326488	0.673512	1.27522e-10	5.80992e-05
0.2	1	2	-2.48868	1e-05	343.479	100	188	439560	-1.65517e-08	3.62829e-10	-1.84782e-10	488234	1.23233e+22	3.90587e-10	8.6263e-05	0.326488	0.673512	1.27522e-10	5.80992e-05
0.3	1	3	-2.48868	1e-05	313	100	188	659341	-7.47677e-09	3.62829e-10	-8.34703e-11	488234	1.23233e+22	3.90587e-10	8.6263e-05	0.326488	0.673512	1.27522e-10	5.80992e-05
0.4	1	4	-2.48868	1e-05	321	100	188	879121	-1.26761e-07	3.62829e-10	-1.41515e-09	488234	1.23233e+22	3.90587e-10	8.6263e-05	0.326488	0.673512	1.27522e-10	5.80992e-05
0.5	1	5	-2.48868	1e-05	329	100	188	1.0989e+06	-1.87271e-06	3.62829e-10	-2.09069e-08	488234	1.23233e+22	3.90587e-10	8.6263e-05	0.326488	0.673512	1.27522e-10	5.80992e-05
0.6	1	6	-2.48868	1e-05	337	100	188	1.31868e+06	-2.43463e-05	3.62829e-10	-2.71801e-07	488234	1.23233e+22	3.90587e-10	8.6263e-05	0.326488	0.673512	1.27522e-10	5.80992e-05
0.7	1	7	-2.48868	1e-05	345	100	188	1.53846e+06	-0.000281018	3.62829e-10	-3.13727e-06	488234	1.23233e+22	3.90587e-10	8.6263e-05	0.326488	0.673512	1.27522e-10	5.80992e-05
0.8	1	8	-2.48868	1e-05	353	100	188	1.75824e+06	-0.00290325	3.62829e-10	-3.24117e-05	488234	1.23233e+22	3.90587e-10	8.6263e-05	0.326488	0.673512	1.27522e-10	5.80992e-05
0.9	1	9	-2.48868	1e-05	361	100	188	1.97802e+06	-0.027045	3.62829e-10	-0.000301929	488234	1.23233e+22	3.90587e-10	8.6263e-05	0.326488	0.673512	1.27522e-10	5.80992e-05
1	1	10	-1.90849	1e-05	369	102	190	2.1978e+06	-0.228699	3.62829e-10	-0.00255318	488234	1.23233e+22	3.90587e-10	8.6263e-05	0.326488	0.673512	1.27522e-10	5.80992e-05
1.1	1	11	1.10679	1e-05	377	112	200	2.41758e+06	-1.76641	3.62829e-10	-0.0197201	488234	1.23233e+22	3.90587e-10	8.6263e-05	0.326488	0.673512	1.27522e-10	5.80992e-05
1.2	1	12	1.10679	1e-05	385	112	200	2.63736e+06	-12.532	3.62829e-10	-0.139907	488234	1.23233e+22	3.90587e-10	8.6263e-05	0.326488	0.673512	1.27522e-10	5.80992e-05
1.3	1	13	1.10679	1e-05	393	112	200	2.85714e+06	-82.0935	3.62829e-10	-0.916488	488234	1.23233e+22	3.90587e-10	8.6263e-05	0.326488	0.673512	1.27522e-10	5.80992e-05
1.4	1	14	1.10679	1e-05	401	112	200	3.07692e+06	-498.914	3.62829e-10	-5.56986	488234	1.23233e+22	3.90587e-10	8.6263e-05	0.326488	0.673512	1.27522e-10	5.80992e-05
1.5	1	15	1.11679	1e-05	409	117	205	3.2967e+06	-2825.43	3.62829e-10	-31.543	488234	1.23233e+22	3.90587e-10	8.6263e-05	0.326488	0.673512	1.27522e-10	5.80992e-05
1.6	1	16	2.08104	1e-05	417	143	231	3.51648e+06	-14970.9	3.62829e-10	-167.135	488234	1.23233e+22	3.90587e-10	8.6263e-05	0.326488	0.673512	1.27522e-10	5.80992e-05
1.7	1	17	2.19872	1e-05	425	151	239	3.73626e+06	-74498.9	3.62829e-10	-831.702	488234	1.23233e+22	3.90587e-10	8.6263e-05	0.326488	0.673512	1.27522e-10	5.80992e-05
1.8	1	18	2.41283	1e-05	433	180	268	3.95604e+06	-349381	3.62829e-10	-3900.47	488234	1.23233e+22	3.90587e-10	8.6263e-05	0.326488	0.673512	1.27522e-10	5.80992e-05
1.9	1	19	2.77289	1e-05	441	201	289	4.17582e+06	-1.54917e+06	3.62829e-10	-17294.9	488234	1.23233e+22	3.90587e-10	8.6263e-05	0.326488	0.673512	1.27522e-10	5.80992e-05
2	1	20	2.94502	1e-05	449	227	315	4.3956e+06	-6.51404e+06	3.62829e-10	-72722.4	488234	1.23233e+22	3.90587e-10	8.6263e-05	0.326488	0.673512	1.27522e-10	5.80992e-05
2	1	21	3.2581	1e-05	457	297	385	4.3956e+06	-6.10645e+06	5e-06	-9.39454e+08	1.49722e+14	5.72368e+28	0.119777	400.658	0.105458	0.894542	0.0126314	358.405
1.9	1	22	3.25814	1e-05	457	308	396	4.17582e+06	-1.43158e+06	5e-06	-2.20243e+08	8.29206e+13	3.77941e+28	0.0663365	264.559	0.105456	0.894544	0.00699558	236.66
1.8	1	23	3.29587	1e-05	449	325	413	3.95604e+06	-339980	5e-06	-5.23045e+07	4.51423e+13	2.89608e+28	0.0361138	202.726	0.104005	0.895995	0.00375602	181.641
1.7	1	24	3.40121	1e-05	441	354	442	3.73626e+06	-76636.9	5e-06	-1.17903e+07	2.41202e+13	2.17004e+28	0.0192962	151.903	0.0999533	0.900047	0.00192871	136.72
1.6	1	25	3.43399	1e-05	433	362	450	3.51648e+06	-16349.9	5e-06	-2.51537e+06	1.26265e+13	1.58987e+28	0.0101012	111.291	0.0986927	0.901307	0.000996915	100.307
1.5	1	26	3.43399	1e-05	425	362	450	3.2967e+06	-3291.05	5e-06	-506315	6.46237e+12	1.13491e+28	0.0051699	79.4435	0.0986927	0.901307	0.000510231	71.6031
1.4	1	27	3.43399	1e-05	417	362	450	3.07692e+06	-622.933	5e-06	-95835.9	3.22588e+12	7.86257e+27	0.0025807	55.038	0.0986927	0.901307	0.000254697	49.6061
1.3	1	28	3.43399	1e-05	409	362	450	2.85714e+06	-110.476	5e-06	-16996.3	1.56599e+12	5.26543e+27	0.0012528	36.858	0.0986927	0.901307	0.000123642	33.2204
1.2	1	29	3.43399	1e-05	401	362	450	2.63736e+06	-18.2862	5e-06	-2813.27	7.3671e+11	3.39212e+27	0.000589368	23.7448	0.0986927	0.901307	5.81663e-05	21.4014
1.1	1	30	3.43399	1e-05	393	362	450	2.41758e+06	-2.81305	5e-06	-432.777	3.34428e+11	2.08983e+27	0.000267543	14.6288	0.0986927	0.901307	2.64045e-05	13.1851
1	1	31	3.43399	1e-05	385	362	450	2.1978e+06	-0.400356	5e-06	-61.5932	1.45709e+11	1.22228e+27	0.000116567	8.55596	0.0986927	0.901307	1.15043e-05	7.71155
0.9	1	32	3.43399	1e-05	377	362	450	1.97802e+06	-0.0524541	5e-06	-8.06986	6.05193e+10	6.72368e+26	4.84154e-05	4.70658	0.0986927	0.901307	4.77825e-06	4.24207
0.8	1	33	1.74102	1e-05	369	298	386	1.75824e+06	-0.00629273	5e-06	-0.968113	2.37503e+10	3.5377e+26	1.90002e-05	2.47639	0.163807	0.836193	3.11237e-06	2.07074
0.7	1	34	3.10851	1e-05	361	346	434	1.53846e+06	-0.000687199	5e-06	-0.105723	8.70217e+09	1.61516e+26	6.96174e-06	1.13061	0.111211	0.888789	7.74224e-07	1.00487
0.6	1	35	2.96597	1e-05	353	340	428	1.31868e+06	-6.78786e-05	5e-06	-0.0104429	2.92762e+09	6.76426e+25	2.3421e-06	0.473498	0.116693	0.883307	2.73307e-07	0.418244
0.5	1	36	3.23324	1e-05	345	352	440	1.0989e+06	-6.02224e-06	5e-06	-0.000926499	8.82379e+08	2.43296e+25	7.05903e-07	0.170307	0.106414	0.893586	7.5118e-08	0.152184
0.4	1	37	3.28146	1e-05	337	354	442	879121	-4.76254e-07	5e-06	-7.32698e-05	2.29192e+08	7.20989e+24	1.83354e-07	0.0504692	0.104559	0.895441	1.91713e-08	0.0451922
0.3	1	38	3.39273	1e-05	329	359	447	659341	-3.3291e-08	5e-06	-5.1217e-06	4.79443e+07	1.59915e+24	3.83554e-08	0.0111941	0.10028	0.89972	3.84626e-09	0.0100715
0.2	1	39	3.43399	1e-05	321	361	449	439560	-2.03757e-09	5e-06	-3.13473e-07	7.02874e+06	2.20213e+23	5.62299e-09	0.00154149	0.0986927	0.901307	5.54948e-10	0.00138935
0.1	1	40	3.41357	1e-05	313	360	448	219780	-1.06606e-10	5e-06	-1.64009e-08	488234	1.0908e+22	3.90587e-10	7.63557e-05	0.0994779	0.900522	3.88548e-11	6.876e-05
0	1	41	3.41357	0	305	360	448	-0	0	5e-06	0	0	0	0	0	0.0994779	0.900522	0	0
-0.1	1	42	3.41357	1e-05	297	360	448	-219780	1.62734e-11	5e-06	2.50359e-09	488234	1.10991e+22	3.90587e-10	7.76935e-05	0.0994779	0.900522	3.88548e-11	6.99647e-05
-0.2	1	43	3.39273	1e-05	305	359	447	-439560	3.80091e-10	5e-06	5.84755e-08	7.02874e+06	2.43993e+23	5.62299e-09	0.00170795	0.10028	0.89972	5.63871e-10	0.00153668
-0.3	1	44	3.37145	1e-05	313	358	446	-659341	7.47677e-09	5e-06	1.15027e-06	4.79443e+07	1.87562e+24	3.83554e-08	0.0131294	0.101098	0.898902	3.87767e-09	0.011802
-0.4	1	45	3.32746	1e-05	321	356	444	-879121	1.26761e-07	5e-06	1.95016e-05	2.29192e+08	8.81199e+24	1.83354e-07	0.061684	0.10279	0.89721	1.88469e-08	0.0553435
-0.5	1	46	3.23324	1e-05	329	352	440	-1.0989e+06	1.87271e-06	5e-06	0.000288109	8.82379e+08	3.07422e+25	7.05903e-07	0.215195	0.106414	0.893586	7.5118e-08	0.192296
-0.6	1	47	2.92063	1e-05	337	338	426	-1.31868e+06	2.43463e-05	5e-06	0.00374559	2.92762e+09	8.77435e+25	2.3421e-06	0.614205	0.118437	0.881563	2.77391e-07	0.54146
-0.7	1	48	2.33219	1e-05	345	317	405	-1.53846e+06	0.000281018	5e-06	0.0432335	8.70217e+09	2.16458e+26	6.96174e-06	1.51521	0.14107	0.85893	9.8209e-07	1.30146
-0.8	1	49	1.56082	1e-05	353	295	383	-1.75824e+06	0.00290325	5e-06	0.446653	2.37503e+10	4.76937e+26	1.90002e-05	3.33856	0.170738	0.829262	3.24406e-06	2.76854
-0.9	1	50	-1.45585	1e-05	361	199	287	-1.97802e+06	0.027045	5e-06	4.16076	6.05193e+10	9.9727e+26	4.84154e-05	6.98089	0.286763	0.713237	1.38838e-05	4.97903
-1	1	51	-1.51727	1e-05	369	197	285	-2.1978e+06	0.228699	5e-06	35.1844	1.45709e+11	1.83337e+27	0.000116567	12.8336	0.289126	0.710874	3.37026e-05	9.12305
-1.1	1	52	-1.51727	1e-05	377	197	285	-2.41758e+06	1.76641	5e-06	271.755	3.34428e+11	3.15957e+27	0.000267543	22.117	0.289126	0.710874	7.73535e-05	15.7224
-1.2	1	53	-1.51727	1e-05	385	197	285	-2.63736e+06	12.532	5e-06	1928.01	7.3671e+11	5.15992e+27	0.000589368	36.1194	0.289126	0.710874	0.000170401	25.6764
-1.3	1	54	-1.51727	1e-05	393	197	285	-2.85714e+06	82.0935	5e-06	12629.8	1.56599e+12	8.04657e+27	0.0012528	56.326	0.289126	0.710874	0.000362216	40.0407
-1.4	1	55	-1.51727	1e-05	401	197	285	-3.07692e+06	498.914	5e-06	76756	3.22588e+12	1.20559e+28	0.0025807	84.3914	0.289126	0.710874	0.000746148	59.9917
-1.5	1	56	-1.51727	1e-05	409	197	285	-3.2967e+06	2825.43	5e-06	434681	6.46237e+12	1.7442e+28	0.0051699	122.094	0.289126	0.710874	0.00149475	86.7933
-1.6	1	57	-1.51727	1e-05	417	197	285	-3.51648e+06	14970.9	5e-06	2.30322e+06	1.26265e+13	2.44685e+28	0.0101012	171.28	0.289126	0.710874	0.00292052	121.758
-1.7	1	58	-1.51727	1e-05	425	197	285	-3.73626e+06	74498.9	5e-06	1.14614e+07	2.41202e+13	3.34007e+28	0.0192962	233.805	0.289126	0.710874	0.00557902	166.206
-1.8	1	59	-1.51727	1e-05	433	197	285	-3.95604e+06	349381	5e-06	5.37509e+07	4.51423e+13	4.44969e+28	0.0361138	311.478	0.289126	0.710874	0.0104414	221.422
-1.9	1	60	-1.51727	1e-05	441	197	285	-4.17582e+06	1.54917e+06	5e-06	2.38334e+08	8.29206e+13	5.80003e+28	0.0663365	406.002	0.289126	0.710874	0.0191796	288.617
-2	1	61	-1.51727	1e-05	449	197	285	-4.3956e+06	6.51404e+06	5e-06	1.00216e+09	1.49722e+14	7.41325e+28	0.119777	518.928	0.289126	0.710874	0.0346307	368.892
-1.9	1	62	-1.51727	1e-05	457	197	285	-4.17582e+06	1.43158e+06	5e-06	2.20243e+08	8.29206e+13	4.11068e+28	0.0663365	287.748	0.289126	0.710874	0.0191796	204.552
-1.8	1	63	-1.51727	1e-05	449	197	285	-3.95604e+06	339980	5e-06	5.23045e+07	4.51423e+13	3.15193e+28	0.0361138	220.635	0.289126	0.710874	0.0104414	156.844
-1.7	1	64	-1.51727	1e-05	441	197	285	-3.73626e+06	76636.9	5e-06	1.17903e+07	2.41202e+13	2.36595e+28	0.0192962	165.616	0.289126	0.710874	0.00557902	117.732
-1.6	1	65	-1.51727	1e-05	433	197	285	-3.51648e+06	16349.9	5e-06	2.51537e+06	1.26265e+13	1.73435e+28	0.0101012	121.405	0.289126	0.710874	0.00292052	86.3035
-1.5	1	66	-1.51727	1e-05	425	197	285	-3.2967e+06	3291.05	5e-06	506315	6.46237e+12	1.23805e+28	0.0051699	86.6632	0.289126	0.710874	0.00149475	61.6066
-1.4	1	67	-1.51727	1e-05	417	197	285	-3.07692e+06	622.933	5e-06	95835.9	3.22588e+12	8.5771e+27	0.0025807	60.0397	0.289126	0.710874	0.000746148	42.6807
-1.3	1	68	-1.51727	1e-05	409	197	285	-2.85714e+06	110.476	5e-06	16996.3	1.56599e+12	5.74394e+27	0.0012528	40.2076	0.289126	0.710874	0.000362216	28.5825
-1.2	1	69	-1.51727	1e-05	401	197	285	-2.63736e+06	18.2862	5e-06	2813.27	7.3671e+11	3.70038e+27	0.000589368	25.9027	0.289126	0.710874	0.000170401	18.4135
-1.1	1	70	-1.51727	1e-05	393	197	285	-2.41758e+06	2.81305	5e-06	432.777	3.34428e+11	2.27975e+27	0.000267543	15.9583	0.289126	0.710874	7.73535e-05	11.3443
-1	1	71	-1.51727	1e-05	385	197	285	-2.1978e+06	0.400356	5e-06	61.5932	1.45709e+11	1.33336e+27	0.000116567	9.33351	0.289126	0.710874	3.37026e-05	6.63495
-0.9	1	72	-2.40965	1e-05	377	123	211	-1.97802e+06	0.0524541	5e-06	8.06986	6.05193e+10	7.45685e+26	4.84154e-05	5.21979	0.323448	0.676552	1.56599e-05	3.53146
-0.8	1	73	-2.40965	1e-05	369	123	211	-1.75824e+06	0.00629273	5e-06	0.968113	2.37503e+10	3.81171e+26	1.90002e-05	2.66819	0.323448	0.676552	6.14559e-06	1.80517
-0.7	1	74	-2.40965	1e-05	361	123	211	-1.53846e+06	0.000687199	5e-06	0.105723	8.70217e+09	1.78147e+26	6.96174e-06	1.24703	0.323448	0.676552	2.25176e-06	0.84368
-0.6	1	75	-2.40965	1e-05	353	123	211	-1.31868e+06	6.78786e-05	5e-06	0.0104429	2.92762e+09	7.44278e+25	2.3421e-06	0.520995	0.323448	0.676552	7.57547e-07	0.35248
-0.5	1	76	-2.40965	1e-05	345	123	211	-1.0989e+06	6.02224e-06	5e-06	0.000926499	8.82379e+08	2.68914e+25	7.05903e-07	0.18824	0.323448	0.676552	2.28323e-07	0.127354
-0.4	1	77	-2.40965	1e-05	337	123	211	-879121	4.76254e-07	5e-06	7.32698e-05	2.29192e+08	7.97555e+24	1.83354e-07	0.0558289	0.323448	0.676552	5.93054e-08	0.0377711
-0.3	1	78	-2.40965	1e-05	329	123	211	-659341	3.3291e-08	5e-06	5.1217e-06	4.79443e+07	1.7723e+24	3.83554e-08	0.0124061	0.323448	0.676552	1.2406e-08	0.00839336
-0.2	1	79	-2.40965	1e-05	321	123	211	-439560	2.03757e-09	5e-06	3.13473e-07	7.02874e+06	2.44225e+23	5.62299e-09	0.00170958	0.323448	0.676552	1.81875e-09	0.00115662
-0.1	1	80	-2.40965	1e-05	313	123	211	-219780	1.06606e-10	5e-06	1.64009e-08	488234	1.20932e+22	3.90587e-10	8.46526e-05	0.323448	0.676552	1.26335e-10	5.72719e-05
